http_code=200
size_download=720
time_total=0.240235
time_starttransfer=0.240151
time_connect=0.000075
