http_code=200
size_download=602
time_total=1.804859
time_starttransfer=1.804778
time_connect=0.000063
