http_code=200
size_download=600
time_total=0.910379
time_starttransfer=0.910331
time_connect=0.000069
