http_code=200
size_download=587
time_total=0.897618
time_starttransfer=0.897556
time_connect=0.000071
